Run,Messages,Loss,Corruption,Time_bw_messages,Application_A,Transport_A,Transport_B,Application_B,Total_time,Throughput
1,1000,0.8,0.2,50.0,1000,238994,8459,540,50371.609375,0.010720
2,1000,0.8,0.2,50.0,1000,307215,9068,313,50854.769531,0.006155
3,1000,0.8,0.2,50.0,1000,302277,8879,375,50694.140625,0.007397
4,1000,0.8,0.2,50.0,1000,174082,8271,652,51156.914062,0.012745
5,1000,0.8,0.2,50.0,1000,137435,8243,703,50746.812500,0.013853
6,1000,0.8,0.2,50.0,1000,265893,8375,378,48456.281250,0.007801
7,1000,0.8,0.2,50.0,1000,299772,8594,305,48281.972656,0.006317
8,1000,0.8,0.2,50.0,1000,194829,8529,587,50686.085938,0.011581
9,1000,0.8,0.2,50.0,1000,37836,7529,994,49738.691406,0.019984
10,1000,0.8,0.2,50.0,1000,315772,9021,327,50590.523438,0.006464
